
audio_filename = 'audio\JohnsHopkins1986_SAL_EECS_DISC1_Side1_1vcvfemaleMONO.wav';

list_startSamples = [14270256;3227224;13565552;19523504;4212208;15239224;...
    9217208;20412392;5629624;16864848;6902896;18234216;1505504;9793784;...
    8784776;20052032;4588584;15591576;3707704;14766752;7567560;18986968;3619616;14646632];
list_numSamples = [104104;112112;104104;80080;80080;80080;112112;88088;...
    80080;88088;72072;96096;88088;112112;88088;88088;80080;88088;96096;...
    88088;112112;88088;88088;112112];

list_words = {'ada';'ada';'aza';'aza';'aba';'aba';'ata';'ata';'ana';'ana';...
    'ama';'ama';'asa';'asa';'apa';'apa';'ava';'ava';'afa';'afa';'aga';...
    'aga';'aka';'aka'};

word_pairs_voicing = {{'aba','apa'},{'ada','ata'},{'ava','afa'},...
    {'aga','aka'},{'aza','asa'}};

word_pairs_place = {{'apa','ata'},{'aba','aga'},{'ava','aza'},...
    {'afa','asa'},{'ama','ana'}};

word_pairs_manner = {{'ada','aza'},{'aza','ana'},{'aba','ama'}...
    {'ada','ana'},{'ata','asa'}};
